Map_width_below:
20
Map_height_below:
20
Player_whose_turn_it_is_below:
2
Map_terrain_below:
......MMhHAM...=....
..MM...M=MM....=.MM.
....M...Mn+n.===^^..
...M...Mn.===..M...M
..^.^...=^..MMM^..M.
...MM..M=n...^...^^.
..^...M..^=MM.M.....
....^..MMM=..Mn^M.^^
..M..^MQ=AM..^M++...
......^^^M^n.n..^.MM
...M.M...n=..M..M...
....M....M=.^M^...MM
..MM.nMMM.=.M.M...^.
.....^...^...MM.....
..M....^..=M....MMM^
M...MM..^.=h..M.....
.M..^....H=+M.M.^^..
.M....^.+hn...M.....
...^.^.^..=Q.....^..
..........=n...^....
Property_controller_number_below:
00000000111000000000
00000000000000000000
00000000010100000000
00000000000000000000
00000000000000000000
00000000010000000000
00000000000000000000
00000000000000100000
00000001010000000000
00000000000101000000
00000000010000000000
00000000000000000000
00000100000000000000
00000000000000000000
00000000000000000000
00000000000200000000
00000000020000000000
00000000022000000000
00000000000200000000
00000000000200000000
Total_minions_below:
33
Minion_roster_below_(XCoord,YCoord,Team,Seniority,Status,Health,Veterancy,CapPoints,TransportStatus,Fuel,Ammo):
R 8 0 1 0 0 100 0 20 0 50 6
i 9 0 1 0 0 100 0 20 0 60 0
b 10 0 1 0 0 100 0 20 0 60 3         
i 9 2 1 0 0 100 0 20 0 60 0
i 11 2 1 0 0 100 0 20 0 60 0
i 8 3 1 0 0 100 0 20 0 60 0
i 7 4 2 0 0 100 0 20 0 60 0
s 7 5 2 0 0 100 0 20 0 60 3
i 9 4 2 0 0 100 0 20 0 60 0
s 11 4 2 0 0 100 0 20 0 60 3
i 12 4 2 0 0 100 0 20 0 60 0
i 9 5 1 0 0 100 0 20 0 60 0
i 6 6 2 0 0 100 0 20 0 60 0
i 11 6 2 0 0 100 0 20 0 60 0
s 12 6 2 0 0 100 0 20 0 60 3
i 14 7 1 0 0 100 0 20 0 60 0
i 16 7 2 0 0 100 0 20 0 60 0
s 15 8 2 0 0 100 0 20 0 60 3
i 16 8 2 0 0 100 0 20 0 60 0
r 7 8 1 0 0 100 0 20 0 50 6
i 8 8 1 0 0 100 0 20 0 60 0
b 9 8 1 0 0 100 0 20 0 60 3
i 15 13 2 0 0 100 0 20 0 60 0
i 14 13 2 0 0 100 0 20 0 60 0
i 8 14 2 0 0 100 0 20 0 60 0
s 9 14 2 0 0 100 0 20 0 60 3
i 10 14 2 0 0 100 0 20 0 60 0
i 11 14 2 0 0 100 0 20 0 60 0
s 3 15 2 0 0 100 0 20 0 60 3
i 4 15 2 0 0 100 0 20 0 60 0	
i 12 15 2 0 0 100 0 20 0 60 0
i 13 15 2 0 0 100 0 20 0 60 0
i 14 15 2 0 0 100 0 20 0 60 0